0.48142761683717655, 7.80104071365109, 0.5582100176471787
0.5302927380238028, 7.287927886948093, 0.11342402658592743
0.5792974994728964, 4.111524638159375, 0.5417694453961062
0.4736623317013076, 5.585910283722516, 0.1827904615866256
0.6013628688445307, 5.978552179111544, 1.4302274088665676
0.47012319990669127, 3.5028776773369312, 0.7650238650642889
0.4936537726734261, 9.046758858413442, 1.4500391249056865
0.5858294534581331, 9.379803987352682, 0.6287893190169891
0.5489493727264741, 4.7626117340635545, 1.6796482610635373
0.5142179621361368, 1.474891995533143, 0.14538982005431755
0.39844701924984127, 5.626446667944974, 1.044250750880857
0.45020144687236213, 7.995249184372639, 0.47441848874144554
0.4922037207821681, 4.071940776709538, 1.4593400701334525
0.6039774132249924, 2.5988827766858877, 0.04270178711601158
0.43099138026998896, 5.947886959186796, 0.5250194916087008
0.4828262717702432, 6.4902618052658685, 0.42102636565754814
0.4797975849184729, 3.882737904553537, 0.21153615929105207
0.5985563990243036, 1.4657896203554373, 0.34844906768184547
0.5282894127545702, 3.264657237761975, 0.0702680514355789
0.5968404215577833, 6.568051911790076, 0.15773296658084934
0.5198292493091202, 2.815281066273755, 3.4794032936838897
0.5345173124729288, 5.024292450263259, 4.589521366753369
0.5584495251346676, 7.763470910560325, 1.5982797194999527
0.4870981318196198, 1.473498524736959, 0.640400990616647
0.502487789845807, 7.09066122419425, 1.7391571054014596
0.42825362334348965, 2.53476271473294, 1.7638982647124148
0.4889593853506673, 6.43009795973093, 0.567161852609769
0.5269440723265366, 6.443356080389222, 0.23240018704921717
0.4365371169307826, 3.9323239982399256, 1.9602831466987993
0.4682865471591481, 7.35921405169316, 2.3330394775843786
0.4888281200507961, 6.340202793162318, 0.11744681586207939
0.47295191304624523, 9.777509182247062, 0.4893484131622472
0.61905090692049, 7.39889223465107, 0.006364592269304303
0.5076293424378391, 3.059739412970811, 1.4070743018752503
0.31876396340701024, 3.068635719502079, 1.4361676543995872
0.402940029667434, 3.4504550736851245, 2.9381726491704017
0.3878474912376771, 0.5293316652017355, 1.0989553514714911
0.4646204618701832, 8.597434922014742, 3.1767210956028857
0.49600209922505983, 7.061239070004101, 0.5067241270072467
0.47375600107289684, 8.173514784788631, 0.2852017533907265
0.4923958503112119, 3.7013845981628704, 1.4666294931507684
0.38852422925074553, 5.283336403859376, 0.9905473199837616
0.4808118927697764, 0.5885562644211646, 2.330786143728014
0.5293500894428604, 3.079038614977226, 1.1286753120350412
0.5488082946588051, 2.6303093821638446, 0.007511292311301432
0.4397633987781643, 6.853804742664779, 1.6710816571503218
0.440049512127145, 4.891934809121347, 0.09863264090200108
0.5555045597142819, 6.353390063650407, 0.0575431133210218
0.41865847676165696, 3.748874010257464, 0.31945552402085386
0.42082010042238965, 2.9253586742353033, 0.36628218441975413
0.4221782539639175, 4.342779995327107, 1.1243361851700984
0.4613958585999662, 2.5307246889589403, 0.5317266417311277
0.4818271111618102, 8.738234906029815, 0.39721102564006117
0.39932840419732424, 9.085078905071311, 0.8914614467728024
0.4646530625861519, 7.435400862590189, 0.2901500654109457
0.5342850172268261, 6.310812950144698, 1.4793039192420632
0.5686022746173499, 3.4399493458026176, 1.476477680331426
0.4263761199870165, 6.958516551390108, 0.587554813413437
0.4531933996202546, 4.390481272112102, 3.27988139791187
0.44964074206777965, 4.757230604896287, 0.28851202221293537
0.4113773995941231, 4.691821680772227, 0.10355874240485452
0.418979076668019, 5.679139521464354, 1.3997813520747373
0.41854102951833677, 6.057092599380528, 0.5668041836246642
0.42602956506866263, 5.263812196092004, 1.4403498104335255
0.4190300519493049, 5.599937147059485, 1.8142562354037537
0.4883008732301015, 5.939701872853926, 1.2635602662520289
0.44971757578451727, 8.4657848733403, 4.799613320528041
0.4500437417225334, 9.615512674011761, 0.8710464970429888
0.40536645016674644, 1.5904505169183478, 0.5933901793435128
0.456738719502829, 0.6573688036452383, 1.515945894813444
0.45481392128900455, 4.479295655577588, 0.12587266544907916
0.476753626237624, 2.400947033577557, 2.2115983759172106
0.41661907580301666, 6.21506001922876, 0.3478640233767569
0.5059484278851778, 1.3780254933418945, 0.46100384337582856
0.4207342238350016, 4.686824055543543, 1.9997221248552677
0.45725859489587367, 6.201883334907434, 1.6152760718601296
0.42927732915174094, 1.7754761213455623, 0.12318220485665421
0.5292550702736784, 5.928512627644459, 1.0839793507254
0.4950868781962004, 6.449202158437256, 0.23908833759383086
0.493111168096923, 4.03272004416919, 1.735886255989083
0.44231317045694585, 8.977084355847538, 2.3861776867363274
0.40223822082995914, 5.034252111261227, 0.30685073551944075
0.3781886637731701, 9.573393062177242, 0.683434503094249
0.36524338000849205, 3.006144025994193, 0.47767286172938483
0.4283012638640641, 5.433192515546614, 0.41890211844702563
0.4053717334176625, 4.143413352711949, 0.26189951395804734
0.40203753050524804, 3.1418349971999526, 0.1785877911363123
0.5041714882764065, 9.627230978618343, 0.2746784601529404
0.5232118698842306, 2.524340481495715, 1.5092920064784128
0.42577164763209113, 7.124730659188789, 0.3065322962008077
0.4484320946028977, 2.7344346504642845, 0.3799040903029409
0.4533254397670539, 4.547963176686974, 3.1800191347940876
0.4377929903425034, 3.3775412555420674, 2.6966847753389525
0.38108606701206066, 9.685240156536548, 3.7451635334816826
0.47243497500477805, 3.987438073333886, 0.7680924086725787
0.5598927251222349, 8.920105859482405, 3.1957377175346653
0.40662648458193834, 8.280296636424705, 0.5744312489116474
0.44248281970331105, 8.535660155604791, 0.2192798971751344
0.40584907418158955, 2.3027442560349787, 2.032144835907678
0.48435962387404446, 5.2741975445809, 0.3920253080488054
0.4660981425717609, 7.6003222453992745, 1.6522495765492193
0.4341836467627742, 3.4028454377485833, 1.8950638268819398
0.48591809313191947, 7.53194306978478, 3.1778872830539004
0.5035147516256075, 0.9363851213137089, 1.8019658094104054
0.47660700424986174, 4.889115668259654, 1.6993247029819742
0.5242521448465666, 4.399851902141371, 1.3929907857375676
0.46111246997735295, 6.842975094172146, 0.21682745785768542
0.39140435377035604, 3.2581358612282125, 2.3187312580174737
0.4382618835339413, 2.6534593121832106, 0.8000527593493532
0.4790620079262863, 5.946188222507935, 1.902970247132786
0.44605646171372487, 7.037633594098106, 0.2863285102412503
0.3798587711052311, 8.444022064704487, 0.24189168811594985
0.4605846412442966, 4.298329865308382, 0.5243259671700926
0.5212358144248448, 3.9824644954376636, 0.15072432399360736
0.4697864646246092, 5.374792751466602, 0.9322011137400885
0.4272206902049013, 5.162253195022805, 0.6164358260424416
0.45787647367525414, 1.5251556812759963, 1.53633924168683
0.41345395179559374, 6.706650511707065, 0.22060353608801897
0.46087344668329444, 0.7453197696554419, 0.3146399785430596
0.3939789609199466, 1.2952748602459794, 1.4229339624753248
0.44393913703153187, 7.205305721810652, 2.5019820023417476
0.5004693624185663, 1.6655660073461744, 0.23074769955608154
0.5498060906574566, 8.742366065325799, 0.06330587991909908
0.4395660777563136, 4.602687596176677, 0.49571941745097625
0.43607639645789287, 1.8425458008782236, 0.9647614536940141
0.5131484705101176, 9.156642203381697, 0.3872598574928219
0.4824380998453439, 7.811975264407108, 0.6895087403298108
0.36836352540750705, 7.0550247829900945, 0.5988110523663437
0.3710448869387846, 4.558391965252742, 1.8462471908438163
0.46278297888859005, 8.59200344417224, 1.73639232197345
0.40141694172919185, 4.075305706203663, 2.965113109454174
0.5469569541644702, 7.637228801244802, 3.754763559710126
0.46676933297299467, 3.740860000022016, 2.515482500321113
0.45720202240830704, 6.83336846263286, 3.1305945044584838
0.5499353446910354, 6.137663743158202, 2.4677514435433725
0.66399195574395, 3.8231896337026026, 0.021933443466392255
0.5986841938674663, 9.223253999389096, 0.8709007829799749
0.41222758738680737, 4.369669735219373, 0.028818619214153962
0.3915601822008661, 2.828858315444304, 1.462318328899844
0.49527966247045757, 6.902977923273372, 0.22670584118348902
0.43284921381211805, 7.540147353741471, 0.9404940943579732
0.5633006610216172, 6.628230203198547, 0.7936686344192134
0.43747452167001594, 0.44727894590181716, 0.9081224486201247
0.4643502070726407, 0.06886847102503513, 1.6476911070317648
0.534203704896689, 1.1517863975454414, 0.02627288240746406
0.5215099731606292, 7.035402778895974, 0.46776773578801834
0.5216668613159746, 7.354221556579228, 2.2378560172847797
0.45479345442393704, 6.194975376558571, 0.13324582892719405
0.470510016105633, 2.1353356500620064, 0.043036210502598315
0.5754660401564671, 1.878510181185983, 1.5483990250152808
0.4966449687481831, 4.9560353535521795, 0.33677788918640417
0.5559708068394532, 1.9522802591371553, 0.5112185544229355
0.4127908623378473, 7.059346497180421, 1.2538734007503782
0.42591467226995683, 3.517329069245902, 2.0497833326282606
0.507597185143549, 4.891360214400933, 0.03552505565035613
0.49389461095024184, 4.668612724878698, 3.082132337657092
0.41160741443574594, 4.4163998411948375, 1.8574098553938128
0.48455576413097273, 7.312806005285796, 0.46284231724643643
0.6551284659724202, 8.10794996760903, 0.6052574698300237
0.43967078812398785, 4.407005409489059, 0.29957250794973245
0.3665645790006169, 7.8916659833008005, 0.29075780617663316
0.4755583553318945, 6.651178489536266, 2.756871676223851
0.5120789162880333, 8.181468419281602, 0.3082238487419682
0.4761026314801905, 5.3649265432347, 1.4133057338152009
0.5135157201074401, 3.2138402096913623, 0.5768584189939565
0.43870470606209205, 9.014603833796995, 1.551780358726405
0.4590546210897697, 9.281803690288708, 2.6382443530495268
0.48794206799671613, 1.9530714499739013, 2.514132764494385
0.3458320479854328, 5.791152209991505, 0.14410707410920232
0.4450762336680643, 3.61913843990104, 4.028588469094472
0.4774435557556741, 1.2395170958750872, 0.99488021354425
0.47799564336195877, 8.613284473810294, 0.8419297753576203
0.5262297927671981, 1.2264169166490655, 6.418994227242813
0.509861530768077, 3.189581216687624, 0.4036863075978845
0.4333478279875728, 5.491756139681646, 4.815833354608724
0.399099630786657, 6.120878207810447, 0.3996350360144705
0.5495822663341577, 1.5860224890765569, 0.9102525602830438
0.47879537348813844, 5.911360485141377, 0.2575292885625844
0.4699327141045114, 6.378654537468297, 0.2886381022896387
0.3914207969684501, 3.843738444899926, 0.40343839439018314
0.5821793962137669, 2.4588093058377773, 0.0714300770083911
0.46777142484047846, 5.123265530067947, 2.3804670974944173
0.48069809864409024, 7.355416690925832, 0.3618170855643328
0.48820490318896803, 6.556010449162785, 0.23644317792443736
0.4817753372217197, 5.363404478384771, 2.0735097995726393
0.46168551815658887, 5.40127839814538, 0.5697893198540331
0.5294314430342162, 3.429787204179285, 4.0442854685290035
0.5245358971580366, 4.624876238692558, 2.0792549989518543
0.5206597627432806, 6.30287952269814, 0.3745564280985736
0.5371341088588092, 6.249067316947823, 0.3416932831566717
0.49354320751817343, 5.797034146867147, 0.6738993089105811
0.43048227888540186, 7.756818892241114, 0.4090115290155456
0.5018883184884314, 6.281560795613864, 0.3585627129614908
0.5301143650103958, 5.450336864558176, 0.20720106065254562
0.4687560179214238, 7.083426461152941, 0.4335397295772996
0.4887582590066776, 3.7238317593734394, 0.48427062965551304
0.5178260048141664, 4.0039212395823345, 0.8594514780364362
0.4680045107167871, 7.298152080799621, 3.055648295666789
0.5371868588441174, 0.9440411709638408, 0.09406382605668906
0.4389895981479004, 3.7465334679968807, 1.5787237051090992
